-9329
7612
9418
4071
7211
-1884
-6946
-6652
9769
-84
3716
2544
-4911
5380
-8522
2401
4595
8771
4304
6026
7475
4770
-7518
6028
2156
-698
-7403
7259
9271
9953
-3307
8323
3660
-5553
5124
-6160
8661
2747
-7633
7881
9134
-3711
4921
-5990
-3113
-5323
6360
-255
-4836
-7107
-2575
-6144
-445
3721
-6081
4016
6637
45
-7530
-8206
-3870
-4092
4499
-7591
-5039
2592
3328
8621
-5143
3871
2002
5321
-66
4231
-2158
2223
-7498
2828
9638
-7022
-1529
-18
-1709
9440
-1699
9731
365
3815
8948
982
5971
2099
-6022
-5596
2643
-5899
6108
9681
7458
-1193
-742
5335
9637
4561
3124
-6112
21
1781
1228
8242
-8839
4724
5644
-3114
6730
9641
2292
3087
1083
2310
1697
-4996
-1940
5756
4571
-7948
-4328
-7305
-3212
-1545
2906
4431
-9084
2210
2330
6933
-9085
-4413
-1080
-4620
4650
1534
-6348
-6911
-1439
-6376
6618
-1152
1073
427
8679
-1698
-2933
6437
-7501
1845
3368
6417
2811
2056
2393
2893
4409
-1169
-2429
1168
-7903
-379
-7733
9434
5344
167
8413
-3134
-9507
6715
634
8817
-9770
2433
-9428
-9568
-2598
4339
-4023
5790
-4993
4791
-8103
-499
3488
7981
-9047
1666
7973
-4160
-4412
7102
-4819
-1194
-1746
1930
8150
-6760
4032
-9679
6855
-9628
-3210
-420
-4262
2365
-8949
8403
-1616
-3912
-3542
-2330
6725
-8746
-4647
6194
3354
6156
-7778
-9116
-1363
-5486
-8285
7069
3035
9499
9187
6626
615
1710
4814
-857
1212
4460
4604
-826
6032
1118
1863
-5122
3193
-5987
7938
-6013
-8034
7468
-4237
-3305
2706
3244
-7527
-9514
2382
-6670
7421
6318
-8559
1647
-3240
-7196
2615
4401
8673
-1000
-4451
-4318
164
-1769
-3821
-9462
-137
-7581
-8921
-4844
-9095
7174
-8543
-5052
1462
9675
7035
-334
-6941
2677
-3326
6817
4842
-1113
-3931
1903
4476
-6697
4246
-3059
-7101
4556
5390
-3297
4490
724
-8152
-1343
7447
-5114
-2769
-6559
-2166
-7057
881
-1455
5985
-1587
3293
-4387
2137
1421
5099
7457
1378
3302
4958
-4172
9076
1294
-1659
-5916
-9190
-2043
4092
7169
101
5588
-3102
5004
-3685
6912
-9096
-7686
1254
5279
-6494
-4368
-8600
2498
7757
-2405
9182
6923
-7586
-8367
3382
-5004
8139
7307
-9442
8056
960
3819
1304
-4163
7600
4435
5370
-4505
1995
8050
826
-2721
1176
-6139
2777
7599
-8811
7338
-5224
1724
-5598
-3537
6683
-4823
126
3902
1597
-1939
-9727
-9826
-3135
-6356
5423
-7159
2255
9508
2342
-6668
702
-2604
-7500
-664
-5252
130
9829
-9908
-1823
-9017
4157
4248
-8408
-44
-9275
-6135
190
8353
4154
-8252
-161
-3489
-9783
-910
1460
-9529
8357
1849
-4186
1535
3865
6824
5394
6261
-7231
-7036
3509
9179
2059
-4053
-9055
-4417
8944
-6311
5962
3148
-6784
6201
-5811
7566
-1016
-3111
800
5445
-630
-2249
-6248
-8320
1598
4950
-8606
-1391
-5003
-5770
4368
3160
-9966
3010
-2271
8826
-3308
302
-4481
2459
-2361
-802
9376
-6984
-7259
7705
-2813
659
-8979
-5354
-9401
-392
3254
-7966
856
9199
4929
6546
-2212
-3301
-7389
-1887
-2111
-6943
9695
9437
