8718
-1444
9395
-2767
4208
-2745
-1823
6042
1694
251
878
-9473
5930
-3644
3493
65
-7816
9040
5278
-2472
5185
4279
-1591
-2628
1561
6226
-6027
-313
-5804
-8834
6604
5890
-6837
4055
-1693
-3408
5002
884
7007
9953
-1686
-1174
-4189
1238
-6975
1267
9227
6370
-8568
6116
1232
6266
-3371
2441
5736
-4752
-7021
-8389
7578
-3722
-1908
5267
-9099
2825
2020
8506
-1505
3119
-3012
8889
6889
-2891
-7850
-9607
8484
-6099
45
6140
7446
-3144
-9407
8848
2173
-7161
-7311
1984
-966
9010
-1343
2670
2052
1036
-6807
3625
-9411
4004
1532
4240
-4502
9152
4062
7029
7804
-8783
500
-710
-329
-6794
2948
5595
-495
-1195
-303
7242
-8482
-7957
4084
-8259
7641
872
-3753
9243
-9685
2572
-6496
1120
1101
303
1883
7197
7666
5247
-381
228
4418
-2787
7773
1863
-9518
7748
1862
9457
8256
1218
3122
8433
6590
2264
-7725
-5363
-7502
-4198
2039
-273
8047
-6776
8414
7085
6301
575
2300
4184
2594
-2986
-4448
-2616
-6930
-2074
-1729
4357
-7006
1290
1049
-5534
-4661
655
-2844
-8829
2180
1585
7464
6144
1941
3719
1027
-4287
-263
-2471
-5000
-5108
-8787
7098
-7263
-6919
-9762
5813
-6462
8601
6924
-5441
-9894
-1028
-2107
-6414
-3571
9168
-6905
-1646
3736
2802
1398
8830
-4264
-9536
9436
-307
-5236
-2546
-6972
7682
1346
8308
-481
8272
-3229
-2318
2398
8691
-6203
-2944
-8124
1907
2040
-9838
3271
-3433
1911
6184
5342
2005
1937
2338
7727
9688
7831
2886
-2766
-2145
-9712
8940
-2486
-7787
3208
4241
5631
8336
-708
2305
-832
-3768
7067
5805
-903
8690
5047
595
5244
-2041
4363
2386
-1043
-7602
-5932
6242
153
5493
5763
-3123
-1221
9302
-2150
3180
7322
-5348
-1261
-6067
505
-4090
-5193
2762
-99
1461
3793
5553
7826
-7227
-5758
7438
3449
5398
4598
3379
2663
-9645
9661
-7270
7301
-4084
-2453
-9207
5380
-1355
861
7984
9825
9754
-2336
8105
6878
298
8087
4390
5649
52
-8673
-8904
4345
-4357
8999
-9576
-9299
-4463
-2341
4777
3752
-610
-774
2239
-4001
-1798
-1269
718
2840
-4875
4060
6158
2686
689
-1294
8077
2912
-244
9429
-6341
7754
-3360
-5069
6504
-8757
-561
6863
-9899
464
-9487
8588
-9409
5087
7744
-7090
-8809
-1617
2265
-1720
-7856
-7032
8408
-1166
-4185
429
-382
8241
581
-7027
-3904
4779
-4619
7824
4455
6696
-4034
-7430
9278
-525
4092
-7082
-8503
-1282
-478
-3728
1856
-1333
-1881
1643
3309
6423
3879
3394
7135
-3779
-4011
-4877
-4183
-2123
-5026
4220
9357
-5263
971
9370
-7673
6481
-4869
478
-3884
-1582
232
2558
-6415
-2207
5122
-5596
3876
6969
3326
-4507
-5736
6839
-930
5037
-5201
-6512
-9608
-1098
8447
-5721
5675
4236
3030
-5256
9326
6631
572
-2828
5368
2456
-7167
-2109
-9287
9517
3588
-6312
-6952
-2358
9590
-8156
4131
380
3796
7399
5452
-1135
2967
4305
-4144
2158
7822
-6860
-9675
9543
-5862
9984
-2206
716
-5709
1128
7635
6783
-9700
9259
-2557
9473
2542
-4458
-4574
9355
6508
-9375
4584
2352
-1278
